nc: 154
mc: 88
nct: 128
mct: 86
nnz: 473
puncture [24]: 0 1 2 3 4 5 6 7 8 9 10 11 12 13 14 15 16 17 18 19 20 21 152 153
shorten [2]: 64 65
0 2
0 11
0 25
0 36
0 66
0 77
1 3
1 12
1 26
1 37
1 67
1 78
2 4
2 13
2 27
2 38
2 68
2 79
3 5
3 14
3 28
3 39
3 69
3 80
4 6
4 15
4 29
4 40
4 70
4 81
5 7
5 16
5 30
5 41
5 71
5 82
6 8
6 17
6 31
6 42
6 72
6 83
7 9
7 18
7 32
7 43
7 73
7 84
8 10
8 19
8 22
8 33
8 74
8 85
9 0
9 20
9 23
9 34
9 75
9 86
10 1
10 21
10 24
10 35
10 76
10 87
11 6
11 43
11 52
11 56
11 77
11 88
12 7
12 33
12 53
12 57
12 78
12 89
13 8
13 34
13 54
13 58
13 79
13 90
14 9
14 35
14 44
14 59
14 80
14 91
15 10
15 36
15 45
15 60
15 81
15 92
16 0
16 37
16 46
16 61
16 82
16 93
17 1
17 38
17 47
17 62
17 83
17 94
18 2
18 39
18 48
18 63
18 84
18 95
19 3
19 40
19 49
19 64
19 85
19 96
20 4
20 41
20 50
20 65
20 86
20 97
21 5
21 42
21 51
21 55
21 87
21 98
22 10
22 14
22 41
22 49
22 67
22 88
22 99
23 0
23 15
23 42
23 50
23 68
23 89
23 100
24 1
24 16
24 43
24 51
24 69
24 90
24 101
25 2
25 17
25 33
25 52
25 70
25 91
25 102
26 3
26 18
26 34
26 53
26 71
26 92
26 103
27 4
27 19
27 35
27 54
27 72
27 93
27 104
28 5
28 20
28 36
28 44
28 73
28 94
28 105
29 6
29 21
29 37
29 45
29 74
29 95
29 106
30 7
30 11
30 38
30 46
30 75
30 96
30 107
31 8
31 12
31 39
31 47
31 76
31 97
31 108
32 9
32 13
32 40
32 48
32 66
32 98
32 109
33 20
33 31
33 53
33 61
33 66
33 99
34 21
34 32
34 54
34 62
34 67
34 100
35 11
35 22
35 44
35 63
35 68
35 101
36 12
36 23
36 45
36 64
36 69
36 102
37 13
37 24
37 46
37 65
37 70
37 103
38 14
38 25
38 47
38 55
38 71
38 104
39 15
39 26
39 48
39 56
39 72
39 105
40 16
40 27
40 49
40 57
40 73
40 106
41 17
41 28
41 50
41 58
41 74
41 107
42 18
42 29
42 51
42 59
42 75
42 108
43 19
43 30
43 52
43 60
43 76
43 109
44 9
44 12
44 83
44 110
45 10
45 13
45 84
45 111
46 0
46 14
46 85
46 112
47 1
47 15
47 86
47 113
48 2
48 16
48 87
48 114
49 3
49 17
49 77
49 115
50 4
50 18
50 78
50 116
51 5
51 19
51 79
51 117
52 6
52 20
52 80
52 118
53 7
53 21
53 81
53 119
54 8
54 11
54 82
54 120
55 2
55 18
55 57
55 82
55 121
56 3
56 19
56 58
56 83
56 122
57 4
57 20
57 59
57 84
57 123
58 5
58 21
58 60
58 85
58 124
59 6
59 11
59 61
59 86
59 125
60 7
60 12
60 62
60 87
60 126
61 8
61 13
61 63
61 77
61 127
62 9
62 14
62 64
62 78
62 128
63 10
63 15
63 65
63 79
63 129
64 0
64 16
64 55
64 80
64 130
65 1
65 17
65 56
65 81
65 131
66 3
66 55
66 84
66 132
67 4
67 56
67 85
67 133
68 5
68 57
68 86
68 134
69 6
69 58
69 87
69 135
70 7
70 59
70 77
70 136
71 8
71 60
71 78
71 137
72 9
72 61
72 79
72 138
73 10
73 62
73 80
73 139
74 0
74 63
74 81
74 140
75 1
75 64
75 82
75 141
76 2
76 65
76 83
76 142
77 15
77 59
77 80
77 99
77 143
78 16
78 60
78 81
78 100
78 144
79 17
79 61
79 82
79 101
79 145
80 18
80 62
80 83
80 102
80 146
81 19
81 63
81 84
81 103
81 147
82 20
82 64
82 85
82 104
82 148
83 21
83 65
83 86
83 105
83 149
84 11
84 55
84 87
84 106
84 150
85 12
85 56
85 77
85 107
85 151
86 13
86 57
86 78
86 108
86 152
87 14
87 58
87 79
87 109
87 153
16 1 5 9 13 19 21 24 30 35 40 42 48 51 52 55 60 
16 2 6 10 11 14 20 25 31 36 41 43 49 52 53 56 61 
16 0 3 7 12 15 21 26 32 33 37 42 50 53 54 57 62 
16 1 4 8 11 13 16 22 27 34 38 43 44 51 54 58 63 
16 2 5 9 12 14 17 23 28 33 35 39 44 45 52 59 64 
16 3 6 10 13 15 18 24 29 34 36 40 45 46 53 60 65 
16 0 4 7 14 16 19 25 30 35 37 41 46 47 54 55 61 
16 1 5 8 15 17 20 26 31 36 38 42 44 47 48 56 62 
16 2 6 9 16 18 21 27 32 37 39 43 45 48 49 57 63 
16 3 7 10 11 17 19 22 28 33 38 40 46 49 50 58 64 
16 0 4 8 12 18 20 23 29 34 39 41 47 50 51 59 65 
20 1 2 5 9 11 13 19 21 24 25 30 35 36 40 42 48 51 52 55 60 
20 2 3 6 10 11 12 14 20 25 26 31 36 37 41 43 49 52 53 56 61 
20 0 3 4 7 12 13 15 21 26 27 32 33 37 38 42 50 53 54 57 62 
20 1 4 5 8 11 13 14 16 22 27 28 34 38 39 43 44 51 54 58 63 
20 2 5 6 9 12 14 15 17 23 28 29 33 35 39 40 44 45 52 59 64 
20 3 6 7 10 13 15 16 18 24 29 30 34 36 40 41 45 46 53 60 65 
20 0 4 7 8 14 16 17 19 25 30 31 35 37 41 42 46 47 54 55 61 
20 1 5 8 9 15 17 18 20 26 31 32 36 38 42 43 44 47 48 56 62 
20 2 6 9 10 16 18 19 21 22 27 32 33 37 39 43 45 48 49 57 63 
20 0 3 7 10 11 17 19 20 22 23 28 33 34 38 40 46 49 50 58 64 
20 0 1 4 8 12 18 20 21 23 24 29 34 35 39 41 47 50 51 59 65 
22 1 2 5 6 9 11 13 19 21 24 25 30 35 36 40 42 43 48 51 55 56 60 
22 2 3 6 7 10 11 12 14 20 25 26 31 33 36 37 41 43 49 52 56 57 61 
22 0 3 4 7 8 12 13 15 21 26 27 32 33 34 37 38 42 50 53 57 58 62 
22 1 4 5 8 9 11 13 14 16 22 27 28 34 35 38 39 43 51 54 58 59 63 
22 2 5 6 9 10 12 14 15 17 23 28 29 33 35 36 39 40 44 52 59 60 64 
22 0 3 6 7 10 13 15 16 18 24 29 30 34 36 37 40 41 45 53 60 61 65 
22 0 1 4 7 8 14 16 17 19 25 30 31 35 37 38 41 42 46 54 55 61 62 
22 1 2 5 8 9 15 17 18 20 26 31 32 36 38 39 42 43 44 47 56 62 63 
22 2 3 6 9 10 16 18 19 21 22 27 32 33 37 39 40 43 45 48 57 63 64 
22 0 3 4 7 10 11 17 19 20 22 23 28 33 34 38 40 41 46 49 58 64 65 
22 0 1 4 5 8 12 18 20 21 23 24 29 34 35 39 41 42 47 50 55 59 65 
20 1 5 9 13 19 20 21 24 30 31 35 40 42 48 51 52 53 55 60 61 
20 2 6 10 11 14 20 21 25 31 32 36 41 43 49 52 53 54 56 61 62 
20 0 3 7 11 12 15 21 22 26 32 33 37 42 44 50 53 54 57 62 63 
20 1 4 8 11 12 13 16 22 23 27 34 38 43 44 45 51 54 58 63 64 
20 2 5 9 12 13 14 17 23 24 28 33 35 39 44 45 46 52 59 64 65 
20 3 6 10 13 14 15 18 24 25 29 34 36 40 45 46 47 53 55 60 65 
20 0 4 7 14 15 16 19 25 26 30 35 37 41 46 47 48 54 55 56 61 
20 1 5 8 15 16 17 20 26 27 31 36 38 42 44 47 48 49 56 57 62 
20 2 6 9 16 17 18 21 27 28 32 37 39 43 45 48 49 50 57 58 63 
20 3 7 10 11 17 18 19 22 28 29 33 38 40 46 49 50 51 58 59 64 
20 0 4 8 12 18 19 20 23 29 30 34 39 41 47 50 51 52 59 60 65 
22 0 4 7 8 9 12 14 16 17 19 25 30 31 35 37 41 42 46 47 54 55 61 
22 1 5 8 9 10 13 15 17 18 20 26 31 32 36 38 42 43 44 47 48 56 62 
22 0 2 6 9 10 14 16 18 19 21 22 27 32 33 37 39 43 45 48 49 57 63 
22 0 1 3 7 10 11 15 17 19 20 22 23 28 33 34 38 40 46 49 50 58 64 
22 0 1 2 4 8 12 16 18 20 21 23 24 29 34 35 39 41 47 50 51 59 65 
22 1 2 3 5 9 11 13 17 19 21 24 25 30 35 36 40 42 48 51 52 55 60 
22 2 3 4 6 10 11 12 14 18 20 25 26 31 36 37 41 43 49 52 53 56 61 
22 0 3 4 5 7 12 13 15 19 21 26 27 32 33 37 38 42 50 53 54 57 62 
22 1 4 5 6 8 11 13 14 16 20 22 27 28 34 38 39 43 44 51 54 58 63 
22 2 5 6 7 9 12 14 15 17 21 23 28 29 33 35 39 40 44 45 52 59 64 
22 3 6 7 8 10 11 13 15 16 18 24 29 30 34 36 40 41 45 46 53 60 65 
21 2 3 6 7 10 13 15 16 24 29 30 34 36 40 41 45 46 53 57 60 65 
21 0 3 4 7 8 14 16 17 25 30 31 35 37 41 42 46 47 54 55 58 61 
21 1 4 5 8 9 15 17 18 26 31 32 36 38 42 43 44 47 48 56 59 62 
21 2 5 6 9 10 16 18 19 22 27 32 33 37 39 43 45 48 49 57 60 63 
21 0 3 6 7 10 17 19 20 22 23 28 33 34 38 40 46 49 50 58 61 64 
21 0 1 4 7 8 18 20 21 23 24 29 34 35 39 41 47 50 51 59 62 65 
21 1 2 5 8 9 11 19 21 24 25 30 35 36 40 42 48 51 52 55 60 63 
21 2 3 6 9 10 11 12 20 25 26 31 36 37 41 43 49 52 53 56 61 64 
21 0 3 4 7 10 12 13 21 26 27 32 33 37 38 42 50 53 54 57 62 65 
21 0 1 4 5 8 11 13 14 22 27 28 34 38 39 43 44 51 54 55 58 63 
21 1 2 5 6 9 12 14 15 23 28 29 33 35 39 40 44 45 52 56 59 64 
22 1 3 5 8 9 15 17 18 20 26 31 32 36 38 42 43 44 47 48 55 56 62 
22 2 4 6 9 10 16 18 19 21 22 27 32 33 37 39 43 45 48 49 56 57 63 
22 0 3 5 7 10 11 17 19 20 22 23 28 33 34 38 40 46 49 50 57 58 64 
22 0 1 4 6 8 12 18 20 21 23 24 29 34 35 39 41 47 50 51 58 59 65 
22 1 2 5 7 9 11 13 19 21 24 25 30 35 36 40 42 48 51 52 55 59 60 
22 2 3 6 8 10 11 12 14 20 25 26 31 36 37 41 43 49 52 53 56 60 61 
22 0 3 4 7 9 12 13 15 21 26 27 32 33 37 38 42 50 53 54 57 61 62 
22 1 4 5 8 10 11 13 14 16 22 27 28 34 38 39 43 44 51 54 58 62 63 
22 0 2 5 6 9 12 14 15 17 23 28 29 33 35 39 40 44 45 52 59 63 64 
22 1 3 6 7 10 13 15 16 18 24 29 30 34 36 40 41 45 46 53 60 64 65 
22 0 2 4 7 8 14 16 17 19 25 30 31 35 37 41 42 46 47 54 55 61 65 
34 4 8 9 11 14 15 16 19 20 21 22 24 27 28 30 31 34 35 38 39 40 42 43 44 48 52 53 54 55 58 59 60 61 63 
34 5 9 10 11 12 15 16 17 20 21 23 25 28 29 31 32 33 35 36 39 40 41 43 44 45 49 53 54 56 59 60 61 62 64 
34 0 6 10 11 12 13 16 17 18 21 22 24 26 29 30 32 33 34 36 37 40 41 42 44 45 46 50 54 57 60 61 62 63 65 
34 0 1 7 11 12 13 14 17 18 19 22 23 25 27 30 31 34 35 37 38 41 42 43 44 45 46 47 51 55 58 61 62 63 64 
34 1 2 8 12 13 14 15 18 19 20 23 24 26 28 31 32 33 35 36 38 39 42 43 45 46 47 48 52 56 59 62 63 64 65 
34 2 3 9 13 14 15 16 19 20 21 22 24 25 27 29 32 33 34 36 37 39 40 43 46 47 48 49 53 55 57 60 63 64 65 
34 3 4 10 11 14 15 16 17 20 21 22 23 25 26 28 30 33 34 35 37 38 40 41 47 48 49 50 54 55 56 58 61 64 65 
34 0 4 5 11 12 15 16 17 18 21 23 24 26 27 29 31 34 35 36 38 39 41 42 44 48 49 50 51 55 56 57 59 62 65 
34 1 5 6 11 12 13 16 17 18 19 24 25 27 28 30 32 35 36 37 39 40 42 43 45 49 50 51 52 55 56 57 58 60 63 
34 2 6 7 12 13 14 17 18 19 20 22 25 26 28 29 31 33 36 37 38 40 41 43 46 50 51 52 53 56 57 58 59 61 64 
34 3 7 8 13 14 15 18 19 20 21 23 26 27 29 30 32 33 34 37 38 39 41 42 47 51 52 53 54 57 58 59 60 62 65 
